35
100
7
44
68
68
26
77
3
90
86
69
66
34
34
52
3
11
80
95
88
27
8
87
93
55
6
64
82
10
90
92
52
40
100
33
54
8
9
78
57
19
64
83
51
6
72
100
68
81
2
80
94
76
79
96
53
74
59
100
24
10
60
93
19
64
77
7
67
21
31
88
51
17
54
15
88
85
84
17
66
85
0
37
40
8
34
5
66
23
68
21
13
86
12
73
63
20
46
48
2
15
78
62
34
71
63
3
57
85
25
35
72
65
97
8
29
93
9
33
65
94
54
56
22
100
99
55
87
20
99
57
40
31
25
38
6
46
64
32
2
28
31
9
64
99
22
53
99
22
16
72
76
11
19
10
32
85
85
48
63
18
66
38
0
54
43
71
9
93
38
99
30
4
26
8
51
98
94
2
77
77
16
48
56
36
79
7
86
96
85
100
26
19
59
47
39
71
91
13
96
66
60
41
11
19
11
40
92
81
39
56
60
45
50
62
27
32
7
86
62
55
7
53
17
27
98
79
75
21
21
64
95
89
72
34
53
99
73
71
29
10
12
96
60
65
66
85
28
45
74
15
94
100
58
82
60
88
69
67
71
92
80
5
16
59
0
11
53
44
83
30
42
13
62
75
37
49
86
80
6
51
27
28
62
26
70
78
82
19
65
14
88
99
87
93
74
39
86
3
45
100
51
16
77
21
82
80
14
52
88
71
41
74
71
91
1
56
74
43
18
45
66
12
84
16
31
19
72
42
8
60
45
31
30
49
75
75
94
24
74
55
84
62
71
19
56
68
25
61
56
20
74
68
40
21
17
36
10
93
94
49
31
61
10
91
48
90
39
74
64
62
55
15
97
41
83
72
86
19
42
15
18
79
16
28
76
82
85
70
67
59
29
56
18
34
55
84
85
25
39
96
39
53
13
96
94
24
34
78
92
55
30
56
78
43
70
1
90
37
13
75
39
5
63
78
81
5
72
60
61
29
38
91
25
44
34
88
64
97
52
95
48
98
10
74
87
5
94
73
51
49
45
37
98
96
86
28
26
18
85
61
96
10
14
37
82
51
35
37
78
91
80
85
74
3
21
77
0
85
22
77
27
16
27
1
73
52
37
56
27
0
73
54
25
81
33
18
94
47
81
37
29
42
81
6
23
86
54
57
69
69
4
19
40
29
16
94
57
71
49
87
30
22
1
8
80
22
58
86
97
89
42
92
100
7
1
14
41
89
81
19
17
81
45
78
30
45
32
38
67
29
23
27
50
59
11
28
84
41
9
91
65
96
53
60
52
7
62
38
60
96
87
82
16
5
67
68
46
57
56
84
48
15
69
94
0
88
9
95
39
90
75
28
92
50
9
79
88
61
16
65
53
42
16
94
54
95
82
100
10
65
89
36
46
27
12
78
73
94
4
21
75
45
68
98
10
26
22
96
96
37
82
82
56
16
58
13
18
91
43
92
94
94
78
66
50
75
35
70
32
54
87
41
94
12
31
67
18
94
2
36
74
60
100
54
50
56
33
51
71
50
87
14
100
66
48
98
32
10
2
82
46
31
13
77
39
65
41
26
8
47
21
0
71
4
6
52
11
46
73
34
39
86
92
87
83
82
53
65
79
63
56
25
18
47
84
39
17
84
0
54
66
96
54
93
10
20
48
25
16
37
70
76
81
17
9
52
47
40
7
6
43
9
57
64
64
10
75
81
90
70
98
83
71
42
75
13
36
86
43
24
67
38
34
39
58
20
17
69
39
38
89
58
5
59
51
49
7
12
87
49
67
22
28
91
2
41
9
65
65
66
43
85
56
7
44
14
26
49
77
76
0
50
58
56
39
64
31
92
34
51
30
8
40
89
63
90
85
14
58
17
92
26
63
66
100
100
6
19
80
88
59
58
69
52
16
75
59
1
96
51
16
55
27
20
34
82
90
29
72
94
0
54
68
59
19
46
1
70
8
76
6
93
31
32
13
51
10
49
71
5
18
84
79
44
59
47
84
47
39
31
96
21
93
15
48
34
61
72
38
42
54
14
61
64
8
81
3
57
64
91
90
44
22
5
46
6
83
14
5
11
98
42
67
92
88
33
61
98
0
4
77
46
59
37
48
55
11
82
74
55
28
55
92
61
16
94
22
82
55
8
56
75
52
81
94
23
13
67
95
78
58
73
15
93
92
23
84
2
53
29
48
19
73
34
40
39
17
24
72
26
75
57
3
79
46
90
100
32
86
46
83
46
42
66
60
19
14
85
77
89
84
59
55
100
18
90
1
65
86
28
58
25
33
54
74
6
46
65
28
25
26
83
75
23
10
30
43
13
44
40
97
45
47
12
68
45
53
34
60
75
50
73
91
97
45
39
10
15
37
30
40
39
19
83
73
53
59
64
5
91
58
72
5
77
49
49
84
38
11
81
64
64
44
64
55
79
89
56
11
84
39
28
84
14
26
57
86
36
20
10
32
63
28
100
92
69
4
99
20
61
44
38
2
55
3
8
47
9
65
67
8
80
3
10
84
50
7
71
62
29
62
40
67
46
39
73
80
67
81
38
27
98
91
47
20
11
65
6
48
38
73
90
21
21
8
37
61
31
100
51
39
22
26
84
15
30
10
55
5
9
99
48
84
68
75
80
1
76
58
77
96
80
1
26
98
17
54
55
98
48
61
45
81
10
45
32
79
76
14
43
76
0
31
90
62
54
2
15
11
47
15
88
18
86
100
45
83
74
86
29
51
95
85
5
100
15
4
73
37
26
93
32
4
78
74
48
7
29
26
56
63
25
68
32
9
6
40
98
9
22
75
23
87
49
65
39
82
97
20
25
2
13
53
78
56
96
1
93
14
64
27
34
86
9
21
43
55
28
17
44
62
72
23
23
35
34
36
57
43
27
94
16
43
71
68
78
18
11
86
63
93
100
61
6
94
56
98
23
40
66
59
58
79
37
95
58
65
27
19
1
59
66
4
41
60
26
36
91
97
81
21
18
28
79
6
79
43
73
18
35
95
0
71
23
6
20
44
61
26
31
55
10
39
15
61
14
25
86
13
65
55
27
42
47
11
56
47
22
14
32
19
98
39
38
15
50
27
74
88
13
36
28
86
22
68
16
5
15
74
57
92
19
76
67
11
92
78
73
60
2
100
9
65
95
71
34
41
90
12
73
14
30
67
58
91
46
31
90
81
74
68
89
13
18
58
86
62
81
32
11
95
41
6
57
4
40
35
21
75
97
13
39
43
71
34
68
49
79
86
34
70
88
27
97
61
24
8
15
92
27
66
65
18
32
3
32
35
85
74
56
85
83
88
35
68
95
39
87
72
76
14
53
1
98
67
73
74
89
37
65
58
39
30
89
90
95
32
26
85
1
60
34
89
37
74
8
26
9
47
23
64
2
51
8
51
15
35
87
