63
25
0
53
38
70
49
62
50
71
97
23
64
49
41
35
32
26
19
89
11
42
87
33
45
81
0
20
53
79
99
75
89
56
14
56
100
91
54
35
69
39
68
16
9
57
88
33
71
44
96
28
81
41
58
58
11
67
86
71
66
29
60
13
55
84
48
20
36
88
21
71
41
11
27
64
18
9
53
81
79
84
73
100
43
28
2
89
34
73
41
63
76
12
85
84
46
56
31
39
62
91
82
68
38
2
80
50
10
96
92
93
27
19
28
14
43
81
34
32
50
28
42
78
80
92
44
33
0
21
39
43
22
43
19
44
71
87
17
20
95
23
70
26
3
64
10
43
37
18
10
78
13
46
61
82
55
76
81
13
63
33
26
13
54
16
100
15
20
61
47
45
78
13
76
95
79
71
37
43
67
94
24
76
57
9
90
86
84
6
16
49
30
80
1
54
40
45
45
31
22
61
20
73
0
30
22
2
92
3
52
79
23
66
4
18
90
61
100
57
92
94
8
65
49
57
39
85
94
83
56
11
14
29
90
100
94
12
70
36
38
82
21
37
9
52
47
50
61
38
96
23
11
72
32
19
74
99
43
5
90
99
2
57
25
99
91
10
3
85
100
73
21
41
13
10
11
12
10
84
54
15
43
15
41
16
13
50
51
41
1
40
50
77
98
55
92
36
97
43
61
28
19
17
20
37
35
52
41
83
8
4
11
18
95
34
34
85
62
84
33
35
2
13
62
46
6
40
48
48
1
76
40
12
58
42
27
71
42
87
76
80
44
86
21
100
35
6
15
49
13
86
61
17
13
1
38
59
83
47
49
53
25
21
5
36
55
89
80
89
34
85
46
46
72
94
62
93
98
64
0
45
92
18
6
80
47
93
11
77
36
15
39
62
19
67
41
14
63
71
81
40
96
4
70
4
42
100
45
42
3
81
48
32
6
52
40
26
73
63
52
25
48
43
49
94
16
2
15
83
63
50
19
84
37
44
72
17
85
60
35
16
18
98
63
25
31
90
64
57
86
7
60
84
97
74
15
6
20
96
38
5
96
80
40
21
37
37
61
8
20
30
69
90
97
84
57
2
2
91
29
80
97
51
26
61
7
30
18
79
8
69
56
98
85
83
17
96
71
81
